0 884 78 1
9 773 81 49
19 296 54 31
37 177 18 44
37 200 64 43
39 493 17 48
46 406 7 40
58 604 57 6
67 257 79 37
80 69 89 10
96 1018 78 47
102 382 10 7
112 289 19 22
121 176 12 26
128 887 66 1
144 1001 41 41
152 329 18 35
169 313 56 20
177 490 40 36
187 511 50 8
197 85 28 27
203 343 74 25
204 618 97 29
212 542 98 25
230 974 16 27
243 752 46 9
246 46 25 49
255 687 5 32
264 28 7 37
279 331 88 4
290 278 42 33
293 301 90 17
305 40 3 49
322 825 46 11
323 1020 93 47
331 159 91 15
348 620 60 48
352 1023 34 3
357 940 80 4
375 238 9 39
383 799 61 21
400 193 1 7
415 633 56 35
425 760 62 13
427 894 65 46
439 158 62 48
454 1006 81 28
455 845 25 17
473 194 60 39
483 175 44 40
498 227 25 16
516 339 75 18
530 786 38 2
530 689 48 12
533 1003 46 23
543 202 30 15
543 422 36 9
557 732 10 44
560 895 9 40
570 216 61 39
573 440 99 49
590 142 1 35
597 412 86 45
602 891 39 33
606 576 97 10
621 96 24 24
623 139 49 7
635 525 30 42
653 586 98 5
668 942 2 48
677 607 36 1
684 682 49 26
686 233 80 35
703 1016 66 23
718 354 49 19
734 880 73 9
748 239 86 32
749 801 68 44
763 291 74 21
772 379 36 26
785 509 40 4
800 955 20 5
803 20 46 10
811 795 6 24
815 209 73 36
832 644 15 41
835 559 51 29
849 541 13 43
858 376 83 7
861 402 4 5
878 436 9 5
883 788 16 15
887 908 45 23
891 164 81 20
907 706 69 14
924 185 1 9
932 564 76 16
951 723 23 37
964 456 75 12
971 475 28 24
976 155 8 28
980 898 13 40
980 870 53 6
985 369 70 13
1000 281 21 35
1016 48 2 19
1033 120 79 35
1047 29 45 32
1060 553 5 17
1062 262 33 22
1073 465 19 33
1086 945 40 39
1104 856 68 7
1104 327 95 45
1104 82 26 32
1110 673 14 12
1110 293 3 41
1127 49 48 11
1140 129 67 15
1158 530 32 2
1167 356 8 42
1169 928 94 13
1188 489 70 45
1197 19 55 34
1210 36 84 42
1215 297 84 37
1221 162 64 27
1233 374 26 25
1250 451 89 22
1261 157 8 7
1261 8 42 45
1279 603 41 9
1289 808 90 2
1308 683 65 3
1317 641 19 1
1328 982 44 27
1331 481 15 16
1334 625 24 12
1343 764 25 37
1362 847 55 18
1378 263 40 14
1396 675 81 39
1400 312 36 16
1411 203 67 28
1422 936 77 28
1422 438 85 13
1431 617 15 19
1436 258 84 34
1444 210 16 32
1454 590 71 8
1471 447 60 40
1477 113 60 34
1490 776 78 35
1492 837 76 30
1499 923 54 44
1499 616 25 48
1510 484 66 30
1515 850 33 44
1523 491 57 5
1537 387 98 36
1537 688 47 45
1551 83 36 49
1564 741 14 20
1580 432 74 5
1598 712 53 44
1614 672 92 22
1626 844 73 7
1627 429 50 47
1638 539 87 43
1649 410 41 18
1649 866 51 19
1662 981 12 19
1673 228 62 43
1686 256 45 48
1701 127 6 19
1717 357 6 8
1721 770 17 8
1722 87 29 29
1730 425 5 42
1745 222 58 37
1750 350 52 20
1750 881 67 46
1755 134 24 18
1763 1014 46 13
1770 299 58 7
1776 653 39 15
1783 1 85 25
1794 593 87 47
1805 596 26 17
1823 585 16 25
1830 444 37 18
1844 211 90 29
1852 143 34 9
1859 65 63 10
1859 304 24 44
1862 363 19 41
1873 264 50 47
1889 225 91 14
1894 180 36 39
1906 255 53 49
1923 1015 67 9
1938 179 62 22
1947 84 54 31
1948 287 18 49
1966 17 99 42
1975 807 6 19
1981 849 3 33
1999 469 89 11
2018 556 20 21
2026 251 79 48
2041 726 58 13
2045 836 34 9
2059 949 9 40
2074 7 8 14
2075 5 73 5
2086 479 18 26
2104 862 48 41
2107 917 84 15
2118 728 24 8
2123 933 96 32
2129 2 49 20
2141 188 42 2
2155 348 42 2
2155 414 40 21
2162 243 25 7
2179 213 6 17
2181 151 3 41
2189 266 81 36
2190 292 2 40
2191 812 53 36
2206 337 80 37
2221 750 18 39
2234 401 74 30
2238 697 98 23
2250 761 54 31
2253 377 86 44
2272 745 1 30
2273 677 22 9
2279 657 82 7
2289 165 4 5
2294 184 83 28
2305 599 32 1
2324 781 68 19
2334 827 91 16
2351 654 28 14
2368 494 87 24
2384 858 6 21
2398 624 68 16
2404 977 26 46
2406 996 7 30
2410 938 70 41
2417 698 68 29
2434 774 48 3
2435 399 76 2
2447 88 64 32
2466 380 42 5
2468 407 73 8
2478 516 10 19
2494 433 56 35
2506 674 14 16
2516 272 56 25
2530 119 63 39
2540 149 13 10
2541 629 57 17
2546 132 22 34
2556 417 8 11
2569 172 91 22
2585 360 33 4
2600 71 83 19
2609 466 5 41
2612 467 6 11
2622 101 36 32
2626 361 15 1
2644 26 65 16
2660 650 55 4
2660 885 19 18
2661 874 22 23
2668 611 49 12
2676 395 53 47
2691 220 64 33
2700 613 93 2
2711 740 87 43
2730 265 65 40
2730 62 77 46
2748 1013 8 36
2756 428 51 31
2756 317 28 38
2763 667 73 19
2766 915 40 43
2767 250 13 16
2767 612 80 5
2770 353 54 23
2775 92 17 35
2785 124 85 41
2795 372 27 2
2810 948 56 8
2825 333 3 37
2831 359 54 37
2834 70 65 16
2853 592 14 6
2870 828 97 3
2874 53 51 20
2874 218 69 15
2881 865 71 29
2883 751 68 2
2893 510 52 43
2906 573 12 32
2906 123 64 9
2920 910 6 35
2931 390 61 32
2935 190 19 1
2939 486 71 47
2953 680 93 10
2961 468 42 49
2964 424 36 6
2967 615 12 38
2968 861 94 34
2971 578 78 22
2990 488 33 32
2997 51 41 22
3005 426 83 23
3011 502 59 6
3027 700 3 14
3041 169 9 19
3052 777 92 23
3059 925 92 4
3066 962 35 48
3081 14 71 14
3096 224 20 26
3104 716 91 8
3111 679 72 12
3117 351 96 43
3129 857 64 45
3130 543 85 11
3131 375 33 3
3141 819 35 43
3155 141 43 21
3165 528 54 46
3182 817 56 2
3194 789 48 1
3207 245 40 20
3223 234 73 4
3223 822 24 8
3227 762 36 5
3231 416 19 4
3247 655 7 17
3265 50 27 44
3273 77 10 18
3273 707 8 3
3276 784 78 8
3294 914 61 28
3296 709 28 1
3296 386 79 17
3304 953 63 44
3313 696 28 24
3323 480 64 38
3328 145 69 28
3339 130 17 12
3348 58 39 19
3358 457 52 39
3362 314 54 31
3362 394 37 41
3367 587 71 3
3377 594 11 35
3390 59 31 1
3391 106 3 45
3394 717 52 24
3411 537 94 43
3429 306 2 39
3430 421 51 1
3439 929 29 42
3441 663 13 39
3448 21 72 2
3460 174 99 11
3476 196 17 26
3489 79 19 14
3501 892 13 41
3514 72 49 4
3529 622 65 14
3547 161 72 41
3565 557 65 30
3583 288 72 40
3585 22 94 40
3591 875 92 23
3595 57 17 12
3597 826 55 33
3599 442 8 27
3606 569 5 36
3606 81 64 48
3618 882 38 2
3618 829 5 24
3621 73 16 7
3622 544 41 26
3628 392 25 9
3639 420 20 15
3645 635 98 16
3659 208 48 17
3674 873 65 21
3691 896 7 1
3703 204 60 4
3717 734 20 46
3721 694 98 39
3731 512 65 4
3740 404 82 42
3744 248 69 26
3763 574 50 23
3766 738 34 9
3776 830 96 48
3777 319 30 28
3786 987 50 9
3787 12 24 39
3790 236 71 39
3797 932 5 7
3816 128 18 16
3827 459 88 6
3837 330 70 13
3853 602 77 31
3866 851 50 44
3885 626 39 34
3893 999 73 38
3910 721 1 46
3918 207 87 18
3926 389 3 28
3941 474 51 12
3949 30 96 10
3953 1021 22 43
3971 34 36 11
3989 747 96 39
3990 515 41 19
4007 718 29 6
4025 229 51 21
4040 181 83 26
4048 178 58 45
4051 662 83 46
4064 104 61 48
4079 347 89 48
4083 45 84 22
4102 67 67 44
4110 56 53 38
4124 284 70 13
4129 66 70 43
4144 993 26 35
4147 935 27 8
4161 500 47 9
4165 582 48 19
4184 535 72 33
4190 191 72 20
4197 294 10 7
4204 478 85 4
4206 893 8 12
4218 921 27 28
4229 1010 61 36
4229 283 18 11
4239 985 98 30
4244 944 88 9
4252 409 88 1
4252 676 67 29
4254 189 97 30
4271 686 6 27
4280 260 63 46
4289 793 80 5
4294 274 6 21
4295 531 34 23
4297 566 86 24
4303 99 13 39
4313 108 84 21
4331 182 12 25
4347 534 38 41
4351 666 72 39
4362 681 98 25
4376 31 83 17
4381 152 39 47
4400 105 59 33
4406 393 99 8
4408 804 39 31
4423 110 63 48
4441 385 79 49
4454 598 71 16
4466 575 84 40
4474 545 77 9
4490 549 30 4
4499 630 47 14
4507 952 71 12
4513 748 96 32
4530 708 7 27
4537 275 5 48
4553 35 20 30
4563 767 4 44
4579 823 4 41
4581 521 39 40
4593 820 50 23
4608 418 32 15
4616 900 20 1
4626 358 16 30
4638 311 65 30
4647 606 93 29
4648 246 24 5
4657 445 13 18
4676 437 26 9
4676 75 71 9
4678 303 8 1
4679 703 41 7
4684 520 80 47
4689 570 57 28
4689 268 15 45
4706 994 98 21
4724 872 33 20
4724 561 52 40
4726 270 61 21
4741 956 32 7
4743 325 46 28
4744 302 60 39
4744 920 45 5
4746 334 43 34
4759 841 67 24
4763 1004 73 9
4764 863 60 23
4775 170 86 15
4779 645 99 2
4792 309 3 25
4810 581 16 37
4813 838 3 7
4816 98 40 16
4828 431 26 39
4830 558 5 35
4843 187 18 45
4853 555 95 24
4871 44 10 47
4881 568 76 47
4884 968 95 39
4897 768 29 49
4902 842 62 21
4915 415 48 16
4919 701 11 46
4922 6 53 23
4939 546 56 27
4951 901 31 25
4958 802 59 9
4970 470 65 31
4979 519 90 43
4998 563 78 44
5001 186 96 28
5008 705 3 18
5015 722 57 27
5031 10 82 33
5045 577 69 9
5047 583 2 42
5058 765 38 23
5071 610 76 34
5075 759 93 38
5085 237 66 9
5091 771 56 14
5110 652 88 25
5128 833 27 33
5134 308 65 45
5135 183 46 39
5153 614 30 37
5170 529 13 4
5172 992 12 21
5176 332 45 3
5183 91 27 44
5202 4 94 16
5203 527 27 31
5208 473 36 7
5212 867 60 14
5231 966 48 42
5242 403 86 29
5255 912 48 35
5256 550 75 47
5272 324 19 33
5276 579 75 5
5287 171 55 29
5292 890 7 21
5309 552 62 35
5313 980 97 19
5316 979 97 30
5321 950 9 22
5333 897 85 25
5337 591 45 29
5337 318 81 17
5340 889 7 38
5344 648 59 12
5349 744 62 24
5365 864 28 1
5384 595 39 18
5389 462 57 1
5394 315 71 37
5409 902 53 49
5418 831 86 15
5424 504 9 28
5429 121 19 12
5442 496 72 33
5445 526 67 13
5446 95 98 32
5461 495 72 19
5480 787 49 48
5493 632 33 18
5501 931 15 1
5508 883 90 8
5526 241 20 34
5540 813 35 26
5558 362 96 33
5562 261 64 34
5579 637 37 36
5595 670 87 36
5608 378 12 14
5612 323 91 22
5614 249 99 28
5623 792 15 23
5636 199 12 7
5636 533 7 44
5640 584 67 19
5640 450 54 24
5641 888 50 4
5654 267 31 14
5654 821 41 12
5664 692 41 47
5678 435 24 28
5689 834 6 11
5699 391 9 30
5700 839 11 41
5714 144 93 9
5721 903 2 30
5730 133 68 22
5730 523 58 6
5739 832 66 27
5753 702 45 30
5767 739 14 11
5784 715 27 11
5786 589 91 32
5805 163 15 29
5822 710 19 5
5828 843 3 18
5843 107 67 33
5844 693 16 11
5862 316 85 15
5869 538 82 30
5875 396 85 17
5890 642 15 20
5902 959 15 38
5908 381 91 2
5914 168 2 42
5927 978 42 1
5939 483 67 1
5956 290 93 19
5956 221 63 10
5956 934 1 15
5968 23 72 15
5985 967 48 16
5986 116 1 28
5993 80 56 2
6009 730 46 40
6016 54 76 10
6029 3 90 49
6031 115 16 27
6050 344 67 42
6054 33 70 13
6060 746 63 34
6061 109 20 30
6078 918 5 5
6085 794 57 29
6102 609 9 15
6106 634 5 32
6121 671 36 8
6136 995 77 46
6136 919 91 23
6139 285 69 29
6147 103 59 40
6160 11 71 42
6176 800 59 16
6178 368 14 5
6183 704 60 44
6184 156 1 42
6186 443 7 47
6198 1007 45 30
6208 335 55 13
6219 791 21 29
6229 695 53 37
6243 482 50 2
6251 259 7 26
6270 608 88 17
6272 125 20 27
6291 780 52 48
6298 434 7 39
6304 868 47 20
6308 859 88 44
6325 485 74 25
6331 441 48 10
6342 947 62 24
6361 846 43 3
6370 63 26 30
6375 61 71 36
6375 775 85 32
6388 154 71 27
6401 551 70 10
6404 397 58 40
6410 146 72 20
6411 755 63 43
6420 964 81 42
6425 471 43 5
6439 1008 46 41
6451 954 48 13
6466 720 1 24
6468 439 50 5
6480 522 84 22
6480 102 39 2
6499 927 43 34
6518 166 3 17
6534 597 22 1
6550 55 63 18
6550 664 5 20
6555 518 92 38
6572 965 71 38
6580 733 43 42
6593 1005 81 47
6603 461 22 31
6622 42 99 43
6633 869 38 40
6640 976 52 36
6657 848 75 3
6675 305 39 34
6689 231 31 45
6692 449 99 44
6698 1011 24 46
6712 798 81 3
6729 413 45 49
6743 871 8 31
6759 400 60 33
6772 487 58 6
6772 153 77 8
6788 280 29 3
6803 383 33 26
6809 338 4 12
6816 136 60 33
6832 370 47 20
6838 796 77 16
6839 809 20 39
6855 970 34 32
6864 43 21 47
6882 254 50 31
6889 355 7 8
6904 167 90 7
6904 282 23 39
6914 173 18 39
6932 725 38 23
6936 540 17 37
6946 1012 5 12
6964 76 52 1
6966 988 26 41
6968 963 27 5
6968 660 63 14
6968 13 98 15
6970 1002 54 13
6988 719 47 27
7003 513 89 34
7010 201 4 37
7020 906 16 36
7021 562 71 48
7036 658 82 15
7036 756 74 14
7053 346 25 29
7068 924 8 44
7084 252 16 45
7091 100 58 17
7096 690 37 26
7102 497 82 23
7118 242 69 20
7123 753 94 48
7133 430 33 40
7135 1000 96 11
7135 247 29 39
7149 742 55 22
7152 580 15 38
7161 140 78 5
7172 554 93 46
7182 567 57 5
7188 779 47 17
7191 97 72 41
7203 384 42 33
7211 806 93 12
7216 656 21 25
7216 492 9 28
7235 930 79 34
7235 499 59 12
7236 647 70 26
7236 803 91 21
7252 638 35 44
7261 623 71 13
7273 455 29 41
7280 505 37 20
7296 926 51 1
7304 713 15 40
7317 131 33 10
7331 345 66 12
7341 1017 24 23
7359 111 34 42
7364 298 25 37
7368 64 13 31
7379 984 67 9
7396 419 40 36
7412 913 49 10
7422 877 33 41
7432 824 7 12
7440 737 23 16
7442 506 37 16
7447 636 46 13
7451 782 31 45
7459 699 70 6
7467 405 46 2
7470 729 94 8
7474 371 11 27
7490 52 59 8
7497 458 1 36
7500 960 62 21
7516 983 99 38
7518 731 83 26
7534 998 95 47
7535 240 43 31
7539 349 21 9
7542 1009 96 16
7555 276 36 15
7566 215 66 24
7566 643 15 39
7575 448 72 12
7592 907 28 8
7598 340 60 28
7603 122 73 31
7614 398 51 31
7615 464 15 33
7629 922 85 29
7632 941 5 12
7644 212 98 4
7653 571 89 36
7672 365 17 21
7688 815 3 43
7706 971 92 40
7712 364 94 22
7730 219 68 30
7745 32 6 37
7754 735 18 24
7759 649 14 16
7771 814 35 12
7785 904 87 19
7796 192 60 39
7799 295 22 22
7810 37 6 11
7829 137 60 36
7841 853 45 33
7850 989 74 6
7850 727 48 1
7854 661 74 22
7863 749 60 39
7868 235 79 32
7868 766 6 1
7881 454 94 47
7881 631 46 44
7895 135 58 29
7908 230 76 24
7911 427 79 42
7928 117 75 14
7937 9 4 12
7937 336 85 20
7948 855 21 31
7958 60 86 15
7966 160 92 28
7982 503 98 38
7994 975 5 15
8010 1019 36 23
8028 600 34 35
8031 114 84 6
8049 150 10 47
8061 68 70 49
8076 790 79 44
8083 25 92 7
8083 711 9 1
8084 588 78 2
8088 958 40 44
8098 321 4 19
8098 47 65 41
8115 300 67 24
8117 217 78 30
8136 408 3 31
8145 277 21 13
8163 714 59 47
8180 991 12 3
8184 453 67 40
8196 668 85 8
8214 548 57 8
8218 769 21 35
8235 961 53 13
8250 342 46 5
8258 876 20 37
8273 990 73 18
8273 886 82 12
8275 206 65 25
8275 905 97 13
8279 909 43 32
8287 423 95 9
8296 646 79 21
8312 198 57 5
8313 937 55 1
8316 601 12 22
8329 560 46 31
8332 244 21 4
8332 446 98 36
8333 320 83 22
8347 986 25 13
8358 878 77 25
8371 18 68 16
8386 463 25 23
8399 352 39 16
8414 366 28 9
8420 627 91 14
8438 90 63 36
8447 126 75 7
8461 758 53 11
8474 498 97 7
8478 501 45 23
8485 16 40 8
8501 860 3 30
8513 112 34 1
8523 879 93 44
8530 816 96 20
8530 367 14 31
8546 997 94 32
8550 743 50 22
8569 840 53 20
8588 508 46 46
8598 273 52 43
8600 835 36 7
8614 472 35 1
8631 86 24 28
8639 39 96 47
8647 514 28 44
8649 639 14 14
8659 572 75 42
8675 969 15 31
8685 665 17 46
8702 411 52 33
8715 507 15 30
8720 89 49 24
8733 118 94 1
8740 651 13 49
8749 78 65 19
8756 972 37 11
8763 957 86 32
8763 684 81 5
8766 307 40 41
8772 621 17 19
8789 460 49 25
8805 373 45 38
8823 322 67 39
8834 214 81 9
8834 678 23 7
8846 899 31 11
8854 811 72 26
8871 754 68 36
8877 916 49 28
8885 659 81 32
8888 1022 38 33
8895 477 61 18
8901 326 93 8
8901 628 32 23
8912 205 91 13
8914 24 38 14
8924 736 20 5
8937 286 4 22
8952 911 1 23
8958 517 35 1
8960 852 89 26
8976 757 36 22
8980 724 28 44
8997 226 21 30
9000 778 80 40
9005 854 44 32
9012 685 73 26
9019 783 69 2
9036 223 92 41
9049 619 59 22
9068 253 95 14
9072 605 17 21
9091 524 50 19
9098 27 45 39
9106 94 86 40
9125 328 14 48
9126 943 15 28
9133 691 34 42
9142 452 50 12
9149 536 3 36
9157 279 18 16
9164 93 56 11
9171 148 89 40
9190 147 60 48
9197 946 45 4
9198 547 18 20
9203 973 74 33
9211 772 89 9
9224 269 70 37
9226 805 45 16
9227 138 95 39
9235 341 15 28
9242 74 53 47
9247 532 52 43
9264 310 67 16
9266 232 38 47
9285 640 31 16
9289 388 84 35
9293 810 63 41
9307 15 34 44
9315 565 98 34
9330 951 61 32
9347 763 69 34
9361 197 47 30
9364 195 28 21
9374 271 72 12
9379 797 12 46
9394 669 63 13
9404 41 66 23
9405 476 15 10
9412 38 23 3
9416 785 57 4
9420 1024 41 36
9421 939 50 26
9425 818 88 23
